cam0:
  camera_model: pinhole
  intrinsics: [401.9163551024793, 401.92230064140244, 332.2608251908882, 203.7721891834355]
  distortion_model: radtan
  distortion_coeffs: [0.008590260126661373, -0.051799617359102317, 0.00017893754443455638, -0.000871221150849445]
  resolution: [640, 400]
  rostopic: /cam0/image_raw
  
