id: left
FocalLength: [402.2875884336271, 402.2734815979089]
PrincipalPoint: [331.5426044704181, 203.5938942692334]
ImageSize: [640, 400]
RadialDistortion: [0.004322378483884972, -0.04484051609757811, 0.0]
TangentialDistortion: [0.00019498020492068058, -0.0013197399203176735]
Skew: 0
