id: right
FocalLength: [394.7105366161252, 394.8830725941467]
PrincipalPoint: [318.5851723533039, 208.35281747340366]
ImageSize: [640, 400]
RadialDistortion: [0.0001545929834092228, -0.03736629982624758, 0.0]
TangentialDistortion: [-0.0011913708457486657, -0.0011300815141842356]
Skew: 0
